1.0
0.8136727367925722
0.49638694310600967
1.0
0.5534465556674449
0.8256377468403683
0.8394503372489328
1.0
0.8757818245283815
1.0
0.7573465892231425
0.9378909122641907
0.6377245223569165
0.7635286591045591
1.0
0.9378909122641907
0.7701690648849016
0.8394503372489328
0.7014195713687499
1.0
0.8757818245283815
0.6672473324960148
0.7635286591045591
0.7936780765025911
0.8757818245283815
1.0
1.0
0.9015594249847421
0.8394503372489328
0.7271971718251105
0.7936780765025911
0.9015594249847421
0.9015594249847421
0.7230287703462143
1.0
1.0
0.8256377468403683
0.8757818245283815
0.6694599010309726
0.6193158233429595
0.8757818245283815
1.0
1.0
1.0
0.9015594249847421
0.8557871642384004
0.8757818245283815
0.8256377468403683
1.0
1.0
0.6316473143632669
1.0
1.0
0.8136727367925722
0.7315689887667819
0.7851378580820235
0.7773412495131237
1.0
1.0
0.6717284898696437
0.9015594249847421
0.9378909122641907
0.7635286591045591
0.7361650973721744
0.8557871642384004
0.7936780765025911
1.0
0.8031188499694841
1.0
1.0
0.6922993866977591
1.0
1.0
0.9378909122641907
0.7046782749542263
1.0
0.9378909122641907
0.7635286591045591
0.8394503372489328
0.7080599771490924
0.7635286591045591
0.8136727367925722
0.7461314117759225
1.0
1.0
1.0
1.0
0.6232407342566141
0.9378909122641907
0.9378909122641907
0.8031188499694841
0.8136727367925722
1.0
0.9378909122641907
1.0
1.0
0.9015594249847421
0.6952375014873332
0.660919682610405
0.9378909122641907
1.0
1.0
0.8136727367925722
1.0
1.0
0.6866972830667656
0.9015594249847421
1.0
0.9378909122641907
0.6569366058570768
0.8031188499694841
0.7936780765025911
0.6922993866977591
0.6814249110787688
0.7936780765025911
0.7230287703462143
1.0
1.0
0.8394503372489328
0.7701690648849016
1.0
0.7230287703462143
0.7315689887667819
0.8557871642384004
0.8256377468403683
1.0
0.7190456935928861
0.7573465892231425
0.8394503372489328
0.6096194021338345
0.9378909122641907
0.9378909122641907
0.9378909122641907
1.0
0.9378909122641907
0.9015594249847421
0.48568888171783364
0.7635286591045591
0.4328286948426881
0.7152321617773143
1.0
0.7115743284768008
1.0
1.0
0.8031188499694841
1.0
1.0
0.7851378580820235
1.0
1.0
0.8394503372489328
0.8256377468403683
0.9015594249847421
0.7315689887667819
0.9378909122641907
1.0
0.8136727367925722
0.9015594249847421
0.6377245223569165
0.8757818245283815
1.0
1.0
0.8757818245283815
0.8557871642384004
0.7046782749542263
0.4585530701873734
0.8256377468403683
0.8394503372489328
0.9015594249847421
0.9015594249847421
0.6476908367606645
1.0
1.0
0.9378909122641907
0.8757818245283815
0.5948275181212676
0.6694599010309726
0.8256377468403683
1.0
0.5475103143980252
0.6814249110787688
0.8136727367925722
0.6866972830667656
0.8757818245283815
0.7190456935928861
0.6494652407409915
0.9015594249847421
0.8256377468403683
0.9378909122641907
1.0
0.8557871642384004
1.0
0.6259562291233021
0.6167915867620565
1.0
0.7190456935928861
0.9378909122641907
0.751563649056763
0.8557871642384004
0.9015594249847421
0.8031188499694841
0.8757818245283815
1.0
1.0
0.7152321617773143
1.0
1.0
1.0
0.8757818245283815
0.9378909122641907
0.579634245960301
1.0
0.9378909122641907
1.0
1.0
0.6096194021338345
0.6459508894132832
1.0
0.9378909122641907
1.0
1.0
0.6377245223569165
1.0
0.9378909122641907
0.9378909122641907
0.9378909122641907
0.5131142041461987
0.8256377468403683
0.6361661444189184
0.8557871642384004
0.9378909122641907
1.0
1.0
0.7573465892231425
1.0
1.0
0.7936780765025911
0.7573465892231425
0.45644958221023496
0.8394503372489328
0.5534465556674449
0.7701690648849016
0.662979646272478
0.8136727367925722
0.8256377468403683
1.0
0.8757818245283815
1.0
1.0
1.0
0.9015594249847421
0.6650880840893012
1.0
0.8136727367925722
0.9378909122641907
1.0
1.0
1.0
0.8394503372489328
0.7701690648849016
1.0
1.0
1.0
1.0
0.9015594249847421
0.8256377468403683
0.7046782749542263
0.8394503372489328
1.0
0.9015594249847421
0.9015594249847421
1.0
0.8757818245283815
1.0
1.0
1.0
0.9015594249847421
1.0
0.8557871642384004
1.0
0.8757818245283815
0.6107756049223919
0.8394503372489328
0.8136727367925722
0.8256377468403683
1.0
0.8256377468403683
1.0
1.0
1.0
1.0
0.8031188499694841
1.0
0.6073508132951634
1.0
0.9015594249847421
0.8394503372489328
0.8031188499694841
0.8557871642384004
0.7635286591045591
0.674056009636365
0.7014195713687499
1.0
0.8757818245283815
0.8136727367925722
1.0
0.7936780765025911
1.0
0.9015594249847421
0.9378909122641907
0.9015594249847421
0.9378909122641907
1.0
1.0
1.0
1.0
1.0
0.7046782749542263
0.6952375014873332
0.8757818245283815
0.7936780765025911
0.8757818245283815
1.0
0.8757818245283815
1.0
0.6361661444189184
0.9015594249847421
0.9015594249847421
0.9378909122641907
0.9378909122641907
1.0
1.0
1.0
0.7773412495131237
0.8757818245283815
1.0
0.9378909122641907
0.9378909122641907
0.9378909122641907
0.6789006744978656
1.0
0.7573465892231425
0.8757818245283815
0.8757818245283815
0.7014195713687499
0.9378909122641907
0.7635286591045591
1.0
1.0
0.9015594249847421
0.9378909122641907
0.9378909122641907
0.9378909122641907
0.6180448166016435
1.0
0.8557871642384004
1.0
1.0
0.7361650973721744
1.0
1.0
0.8757818245283815
0.8757818245283815
1.0
1.0
1.0
1.0
0.7851378580820235
0.9378909122641907
1.0
0.7851378580820235
0.9378909122641907
1.0
1.0
0.8394503372489328
0.6361661444189184
0.9015594249847421
0.9015594249847421
1.0
0.45338413596177496
0.6377245223569165
1.0
1.0
1.0
1.0
0.8557871642384004
1.0
0.8394503372489328
0.9378909122641907
0.9015594249847421
0.8557871642384004
0.751563649056763
0.8557871642384004
1.0
0.8394503372489328
0.8394503372489328
0.44532005115583917
0.8557871642384004
1.0
0.9015594249847421
0.8031188499694841
1.0
1.0
0.9015594249847421
1.0
0.7410097622336749
1.0
0.6789006744978656
0.9378909122641907
0.6840223240401133
0.7461314117759225
0.9378909122641907
0.7701690648849016
0.8757818245283815
0.8557871642384004
0.7410097622336749
1.0
1.0
1.0
0.8757818245283815
1.0
1.0
0.9015594249847421
0.6232407342566141
0.6840223240401133
0.8256377468403683
0.8757818245283815
0.7046782749542263
1.0
0.6051382447602055
1.0
0.5284394197419544
0.9378909122641907
0.9015594249847421
0.9378909122641907
0.7936780765025911
0.9015594249847421
0.7635286591045591
1.0
1.0
0.9378909122641907
0.6232407342566141
0.7573465892231425
0.9378909122641907
0.9378909122641907
1.0
1.0
0.751563649056763
1.0
0.9378909122641907
0.9378909122641907
1.0
0.9015594249847421
0.9378909122641907
0.6866972830667656
1.0
0.7230287703462143
0.9378909122641907
0.6814249110787688
0.9378909122641907
0.9378909122641907
0.9378909122641907
0.8757818245283815
1.0
1.0
1.0
1.0
0.9378909122641907
0.7773412495131237
1.0
1.0
0.8394503372489328
1.0
1.0
1.0
0.8757818245283815
0.9378909122641907
0.8557871642384004
0.8757818245283815
0.8136727367925722
1.0
0.7271971718251105
1.0
0.7851378580820235
0.9378909122641907
0.6442440859437979
1.0
1.0
0.8031188499694841
0.9378909122641907
1.0
0.8256377468403683
0.8757818245283815
1.0
1.0
1.0
1.0
0.9015594249847421
0.7271971718251105
0.9015594249847421
1.0
1.0
1.0
0.751563649056763
0.9378909122641907
0.8394503372489328
0.9015594249847421
0.8757818245283815
0.8757818245283815
0.8757818245283815
1.0
1.0
0.5812936354735496
0.8557871642384004
1.0
0.9378909122641907
0.7635286591045591
1.0
0.7936780765025911
1.0
0.7410097622336749
0.9378909122641907
1.0
0.8557871642384004
0.6589060142078845
1.0
0.7410097622336749
1.0
0.6764456038585448
0.9378909122641907
0.9378909122641907
0.9378909122641907
0.7573465892231425
1.0
1.0
1.0
0.6694599010309726
0.8136727367925722
0.8136727367925722
0.7635286591045591
0.48229650914809674
0.7936780765025911
0.9015594249847421
1.0
0.7046782749542263
0.8757818245283815
0.8256377468403683
0.662979646272478
0.8394503372489328
0.9378909122641907
0.9015594249847421
1.0
1.0
0.5666475090740432
0.6840223240401133
0.8394503372489328
0.7573465892231425
0.674056009636365
0.8757818245283815
1.0
0.9378909122641907
1.0
0.7851378580820235
1.0
0.9015594249847421
1.0
1.0
1.0
0.8757818245283815
1.0
0.9378909122641907
1.0
1.0
1.0
0.7851378580820235
0.9378909122641907
1.0
0.7361650973721744
0.8031188499694841
0.8557871642384004
0.7936780765025911
0.8394503372489328
0.9015594249847421
1.0
0.8757818245283815
1.0
0.6717284898696437
0.642569187218417
0.6245881953309563
0.9378909122641907
0.6694599010309726
1.0
0.9378909122641907
0.8557871642384004
0.9378909122641907
0.9015594249847421
0.9015594249847421
0.8136727367925722
0.642569187218417
1.0
0.9378909122641907
0.9378909122641907
0.608477928444163
0.8557871642384004
1.0
1.0
0.8757818245283815
0.9378909122641907
0.8256377468403683
1.0
1.0
1.0
1.0
1.0
0.8394503372489328
1.0
0.7701690648849016
0.9015594249847421
0.9378909122641907
0.9378909122641907
0.9378909122641907
0.7190456935928861
0.9015594249847421
1.0
0.7851378580820235
1.0
1.0
1.0
0.8256377468403683
1.0
0.9378909122641907
0.9378909122641907
0.9378909122641907
0.6952375014873332
1.0
0.8031188499694841
1.0
0.9378909122641907
0.8031188499694841
1.0
1.0
0.6512754936807367
0.6717284898696437
0.7773412495131237
1.0
0.9015594249847421
0.6476908367606645
0.7190456935928861
1.0
0.6051382447602055
1.0
0.5838418016774739
1.0
1.0
0.8757818245283815
0.9378909122641907
0.8557871642384004
1.0
0.8557871642384004
0.9378909122641907
1.0
1.0
0.7014195713687499
1.0
0.42343585102276327
0.5919522616105747
0.7936780765025911
1.0
0.7230287703462143
1.0
0.7410097622336749
0.8031188499694841
0.9378909122641907
0.6259562291233021
0.8031188499694841
0.9378909122641907
0.7851378580820235
0.9378909122641907
0.7936780765025911
1.0
0.642569187218417
0.8256377468403683
1.0
1.0
1.0
1.0
0.7046782749542263
0.7315689887667819
0.9378909122641907
0.9378909122641907
0.9015594249847421
0.9015594249847421
0.8394503372489328
0.8557871642384004
0.9015594249847421
0.9015594249847421
1.0
0.7230287703462143
0.9378909122641907
0.8757818245283815
1.0
0.9378909122641907
1.0
1.0
0.9378909122641907
1.0
1.0
1.0
1.0
0.7936780765025911
0.7361650973721744
0.7851378580820235
1.0
0.9378909122641907
1.0
1.0
0.8394503372489328
1.0
1.0
1.0
1.0
0.9015594249847421
0.7461314117759225
0.8256377468403683
0.7773412495131237
0.9378909122641907
0.7361650973721744
0.8757818245283815
1.0
0.6459508894132832
0.7315689887667819
1.0
1.0
0.9378909122641907
1.0
1.0
0.9378909122641907
0.9378909122641907
0.8757818245283815
0.7635286591045591
0.5988105948745958
0.8757818245283815
0.9378909122641907
1.0
1.0
1.0
1.0
0.7936780765025911
1.0
0.6512754936807367
0.9015594249847421
1.0
1.0
0.9015594249847421
0.9015594249847421
0.9015594249847421
0.6316473143632669
0.9015594249847421
1.0
0.9015594249847421
1.0
0.9015594249847421
0.8256377468403683
0.9378909122641907
0.9015594249847421
0.9378909122641907
0.7046782749542263
0.8757818245283815
1.0
0.8394503372489328
0.6952375014873332
0.9378909122641907
0.9378909122641907
0.9378909122641907
0.9015594249847421
0.8757818245283815
0.9015594249847421
0.8757818245283815
0.9015594249847421
0.8557871642384004
1.0
0.9015594249847421
0.5104162312571184
0.8557871642384004
1.0
1.0
1.0
1.0
1.0
0.9378909122641907
1.0
1.0
1.0
0.6952375014873332
0.6155556434032542
1.0
0.6894545613209537
0.8757818245283815
0.6569366058570768
0.8557871642384004
0.7014195713687499
0.7115743284768008
1.0
1.0
0.8394503372489328
0.7635286591045591
1.0
1.0
1.0
0.6922993866977591
0.8256377468403683
1.0
0.9378909122641907
1.0
0.7461314117759225
1.0
1.0
0.9378909122641907
0.7461314117759225
1.0
0.9378909122641907
1.0
0.7361650973721744
0.9015594249847421
0.8031188499694841
0.7936780765025911
1.0
1.0
1.0
0.9378909122641907
0.7230287703462143
0.8136727367925722
0.9378909122641907
0.7635286591045591
0.7461314117759225
0.8757818245283815
0.8394503372489328
0.5158959411074776
0.7635286591045591
0.9015594249847421
0.7936780765025911
1.0
1.0
0.6143365161227355
0.9015594249847421
0.9378909122641907
0.7190456935928861
1.0
1.0
0.8136727367925722
0.7080599771490924
0.6764456038585448
0.6764456038585448
1.0
0.5988105948745958
0.9378909122641907
0.8757818245283815
1.0
1.0
0.6894545613209537
0.6377245223569165
1.0
0.9378909122641907
0.7701690648849016
1.0
0.8136727367925722
0.7773412495131237
0.7152321617773143
0.7014195713687499
1.0
0.9015594249847421
1.0
0.6569366058570768
0.8256377468403683
1.0
1.0
0.8256377468403683
1.0
0.9015594249847421
1.0
0.8256377468403683
0.5475103143980252
0.9378909122641907
0.8394503372489328
0.8757818245283815
1.0
0.8757818245283815
1.0
0.9378909122641907
1.0
0.8557871642384004
1.0
0.8557871642384004
1.0
0.6952375014873332
0.9378909122641907
0.9015594249847421
0.4792957745476485
1.0
1.0
1.0
0.9378909122641907
1.0
0.8557871642384004
0.9378909122641907
0.9378909122641907
1.0
0.7701690648849016
0.8256377468403683
0.8757818245283815
1.0
0.9015594249847421
1.0
0.8136727367925722
0.6232407342566141
0.8557871642384004
0.8394503372489328
0.9378909122641907
0.7152321617773143
0.8757818245283815
0.8757818245283815
0.6982752321547276
1.0
1.0
0.7410097622336749
1.0
0.5748328578312865
1.0
0.9378909122641907
0.8256377468403683
0.9378909122641907
1.0
1.0
0.8757818245283815
0.7573465892231425
0.6167915867620565
0.7014195713687499
1.0
1.0
1.0
0.8757818245283815
1.0
0.7080599771490924
1.0
1.0
0.9378909122641907
0.9378909122641907
0.8394503372489328
1.0
1.0
0.9378909122641907
0.751563649056763
0.6259562291233021
0.6476908367606645
0.7701690648849016
0.6287565968098524
0.7315689887667819
0.9378909122641907
0.7115743284768008
1.0
1.0
0.6814249110787688
0.7361650973721744
0.5929004659389964
0.8757818245283815
0.9378909122641907
0.7461314117759225
0.7773412495131237
0.7461314117759225
0.8394503372489328
0.9015594249847421
0.7701690648849016
0.9378909122641907
0.7773412495131237
1.0
0.7271971718251105
1.0
0.7461314117759225
0.9015594249847421
1.0
1.0
1.0
0.8394503372489328
1.0
1.0
0.41718668681183924
0.9015594249847421
0.9378909122641907
0.9378909122641907
0.8557871642384004
1.0
0.7190456935928861
1.0
1.0
0.8136727367925722
0.7014195713687499
1.0
1.0
0.9378909122641907
0.8031188499694841
1.0
0.8757818245283815
0.8757818245283815
1.0
0.9378909122641907
0.9378909122641907
0.674056009636365
0.9015594249847421
0.9378909122641907
0.7014195713687499
1.0
1.0
1.0
0.8031188499694841
0.9378909122641907
0.9015594249847421
0.8557871642384004
0.5948275181212676
1.0
1.0
1.0
0.6301902989619499
0.6840223240401133
0.9015594249847421
1.0
0.8031188499694841
1.0
1.0
1.0
0.9015594249847421
0.7361650973721744
1.0
1.0
1.0
0.7851378580820235
0.7361650973721744
1.0
1.0
1.0
0.9378909122641907
1.0
1.0
0.7773412495131237
1.0
1.0
1.0
0.8757818245283815
0.5504292849779613
1.0
0.9378909122641907
0.8557871642384004
0.9378909122641907
0.8031188499694841
0.9378909122641907
0.9378909122641907
0.8757818245283815
1.0
1.0
1.0
0.8757818245283815
1.0
0.9378909122641907
1.0
1.0
0.8757818245283815
1.0
1.0
0.9378909122641907
0.8256377468403683
1.0
0.7936780765025911
0.6096194021338345
0.9378909122641907
0.9378909122641907
0.9378909122641907
0.8757818245283815
0.9378909122641907
1.0
1.0
0.8757818245283815
0.6814249110787688
0.9378909122641907
1.0
1.0
0.9015594249847421
0.662979646272478
0.6840223240401133
0.8757818245283815
0.7936780765025911
0.8757818245283815
0.9378909122641907
0.5772013958971313
1.0
0.9015594249847421
0.9378909122641907
0.7461314117759225
1.0
0.7080599771490924
1.0
0.8757818245283815
1.0
0.8394503372489328
0.7851378580820235
0.9015594249847421
0.751563649056763
1.0
0.6866972830667656
0.6096194021338345
0.6866972830667656
0.7315689887667819
1.0
0.7936780765025911
0.8394503372489328
0.9378909122641907
1.0
1.0
0.8031188499694841
0.7152321617773143
1.0
0.8757818245283815
1.0
0.8757818245283815
0.8256377468403683
0.8394503372489328
0.6840223240401133
0.9378909122641907
0.5998346571394698
1.0
0.7115743284768008
0.8136727367925722
0.5725253189929277
0.9378909122641907
0.6409250223204239
1.0
0.7635286591045591
1.0
0.6922993866977591
1.0
1.0
0.9378909122641907
0.8394503372489328
0.7635286591045591
0.9378909122641907
1.0
0.5864645588541962
0.5604654391926267
1.0
0.9378909122641907
0.9378909122641907
0.5504292849779613
0.8256377468403683
0.7773412495131237
1.0
1.0
0.6143365161227355
1.0
0.7046782749542263
1.0
1.0
1.0
1.0
1.0
0.9015594249847421
0.5910139863056958
0.8757818245283815
0.8394503372489328
1.0
1.0
1.0
0.9378909122641907
0.7080599771490924
0.7701690648849016
1.0
0.8394503372489328
1.0
1.0
0.8394503372489328
0.9378909122641907
1.0
0.8557871642384004
0.9015594249847421
0.9378909122641907
0.9378909122641907
0.8394503372489328
0.9378909122641907
1.0
1.0
1.0
1.0
0.9378909122641907
0.9378909122641907
0.6008705585366687
0.9378909122641907
0.5948275181212676
0.751563649056763
1.0
0.5732879148543858
1.0
0.9378909122641907
0.6694599010309726
0.7046782749542263
0.8256377468403683
0.8557871642384004
1.0
1.0
0.8256377468403683
0.9015594249847421
1.0
0.7936780765025911
0.9015594249847421
0.6073508132951634
0.8557871642384004
1.0
1.0
0.5598041485684947
1.0
0.7271971718251105
0.8256377468403683
0.8757818245283815
0.8757818245283815
1.0
1.0
1.0
1.0
0.8757818245283815
0.7701690648849016
0.9378909122641907
1.0
0.660919682610405
0.9378909122641907
1.0
1.0
0.5414048622834577
1.0
1.0
1.0
0.8757818245283815
0.9015594249847421
0.8757818245283815
0.9378909122641907
0.6650880840893012
1.0
0.7936780765025911
0.7936780765025911
0.7190456935928861
1.0
1.0
0.9378909122641907
0.9378909122641907
0.8256377468403683
0.8757818245283815
0.9378909122641907
1.0
0.7851378580820235
1.0
0.7573465892231425
0.751563649056763
0.8757818245283815
0.6346344067287369
0.9378909122641907
1.0
0.9378909122641907
0.6442440859437979
0.7635286591045591
1.0
0.9378909122641907
1.0
1.0
0.5107967179132061
0.9378909122641907
1.0
0.7773412495131237
1.0
0.9015594249847421
1.0
1.0
0.8557871642384004
0.7115743284768008
0.9378909122641907
0.7635286591045591
0.9378909122641907
0.9015594249847421
0.8136727367925722
0.6259562291233021
0.8394503372489328
0.8136727367925722
0.8394503372489328
0.9378909122641907
0.8136727367925722
0.8394503372489328
0.6866972830667656
0.8757818245283815
0.9015594249847421
0.7271971718251105
0.8757818245283815
0.9378909122641907
0.9015594249847421
0.8136727367925722
0.8031188499694841
1.0
0.7701690648849016
0.8256377468403683
1.0
0.9378909122641907
0.7573465892231425
0.6442440859437979
1.0
1.0
0.6206051185776281
0.8557871642384004
0.9378909122641907
0.8557871642384004
0.8757818245283815
0.9015594249847421
0.9378909122641907
0.7315689887667819
0.8031188499694841
1.0
1.0
1.0
0.9378909122641907
0.5740570566831091
0.9378909122641907
1.0
0.8757818245283815
0.5322327680969451
0.7080599771490924
0.8757818245283815
0.751563649056763
0.8557871642384004
0.9015594249847421
0.7361650973721744
0.9378909122641907
1.0
0.9378909122641907
0.8256377468403683
0.9378909122641907
0.8256377468403683
0.9378909122641907
1.0
0.8757818245283815
0.6982752321547276
1.0
0.8256377468403683
0.8136727367925722
0.8757818245283815
0.9378909122641907
1.0
0.8757818245283815
0.9378909122641907
0.8557871642384004
0.7190456935928861
0.8031188499694841
0.5938588116825012
0.9015594249847421
0.8256377468403683
1.0
1.0
0.7271971718251105
0.9378909122641907
0.8256377468403683
0.9378909122641907
0.7851378580820235
0.8256377468403683
0.8031188499694841
1.0
0.6073508132951634
0.8031188499694841
0.8256377468403683
0.9378909122641907
1.0
1.0
0.8557871642384004
0.9015594249847421
0.674056009636365
0.7635286591045591
0.7115743284768008
1.0
1.0
0.7701690648849016
0.7080599771490924
0.8136727367925722
1.0
1.0
0.5666475090740432
0.5919522616105747
0.8757818245283815
0.6650880840893012
0.9378909122641907
1.0
0.5175251582244917
1.0
1.0
0.9015594249847421
1.0
0.9015594249847421
1.0
0.9378909122641907
0.8757818245283815
1.0
0.5725253189929277
0.7851378580820235
0.6814249110787688
0.5611316465208048
0.9378909122641907
0.9378909122641907
0.8757818245283815
1.0
0.9378909122641907
0.7315689887667819
1.0
1.0
0.8256377468403683
0.8757818245283815
0.6764456038585448
1.0
0.9378909122641907
0.7315689887667819
1.0
0.8031188499694841
0.7773412495131237
0.7361650973721744
1.0
0.9015594249847421
1.0
1.0
1.0
0.660919682610405
1.0
0.9015594249847421
1.0
0.8757818245283815
0.4642650926825635
0.6494652407409915
0.8394503372489328
0.9378909122641907
0.6866972830667656
0.9015594249847421
1.0
0.6922993866977591
1.0
0.9015594249847421
1.0
0.8256377468403683
0.9015594249847421
0.9015594249847421
1.0
0.8757818245283815
1.0
0.7936780765025911
0.7410097622336749
0.7635286591045591
0.9378909122641907
1.0
0.8394503372489328
0.9015594249847421
0.9015594249847421
0.8557871642384004
0.8394503372489328
0.7851378580820235
1.0
0.7773412495131237
1.0
0.9378909122641907
1.0
1.0
0.8557871642384004
0.6894545613209537
0.9378909122641907
0.7046782749542263
0.6193158233429595
0.9378909122641907
1.0
0.7410097622336749
0.7773412495131237
0.9015594249847421
0.8557871642384004
1.0
0.9378909122641907
0.9015594249847421
1.0
0.6952375014873332
0.8757818245283815
0.7851378580820235
1.0
1.0
1.0
0.8557871642384004
1.0
0.8256377468403683
0.5528349186654787
1.0
1.0
0.9378909122641907
0.9015594249847421
0.7230287703462143
0.8256377468403683
0.9015594249847421
0.5967969264720753
0.6442440859437979
0.9378909122641907
0.9378909122641907
0.5710193260157147
0.8757818245283815
0.8394503372489328
0.9378909122641907
0.9015594249847421
0.7936780765025911
0.9015594249847421
0.633128413751524
1.0
1.0
1.0
1.0
0.9378909122641907
0.9015594249847421
0.7410097622336749
0.6143365161227355
0.6589060142078845
0.9015594249847421
0.8394503372489328
0.5780050288432869
1.0
0.8757818245283815
1.0
0.6569366058570768
0.6922993866977591
0.674056009636365
0.8757818245283815
0.7115743284768008
0.8757818245283815
0.6866972830667656
0.7851378580820235
0.7701690648849016
0.9015594249847421
0.8394503372489328
0.9015594249847421
1.0
0.8757818245283815
0.9378909122641907
0.5312692698579461
0.7115743284768008
1.0
1.0
1.0
0.8557871642384004
0.7773412495131237
0.7635286591045591
0.7152321617773143
0.9378909122641907
0.6952375014873332
1.0
0.7773412495131237
0.8394503372489328
0.6952375014873332
0.7851378580820235
1.0
1.0
0.8757818245283815
0.7701690648849016
0.9378909122641907
0.653123074041505
0.8557871642384004
1.0
1.0
0.9378909122641907
0.9378909122641907
0.8031188499694841
0.8256377468403683
0.6789006744978656
1.0
0.9378909122641907
0.8757818245283815
0.8757818245283815
1.0
1.0
1.0
1.0
1.0
0.8757818245283815
0.6459508894132832
0.9378909122641907
0.9015594249847421
1.0
0.9378909122641907
0.8256377468403683
0.8136727367925722
1.0
0.8557871642384004
0.5248001592413561
0.9015594249847421
0.7315689887667819
0.6650880840893012
1.0
1.0
0.7190456935928861
0.8757818245283815
0.4484971848923774
0.9378909122641907
1.0
0.6840223240401133
0.660919682610405
1.0
1.0
0.7461314117759225
0.7046782749542263
0.9015594249847421
0.7851378580820235
1.0
0.7701690648849016
0.9378909122641907
1.0
0.8557871642384004
0.9378909122641907
1.0
1.0
0.6894545613209537
1.0
0.7230287703462143
1.0
0.9378909122641907
0.6982752321547276
0.8136727367925722
0.751563649056763
1.0
0.7315689887667819
0.8031188499694841
1.0
1.0
0.8757818245283815
0.7851378580820235
0.5382420231265866
0.8136727367925722
0.6316473143632669
1.0
0.396870671223906
1.0
0.751563649056763
1.0
1.0
0.5392839473416585
0.5414048622834577
0.9378909122641907
0.9378909122641907
0.9015594249847421
0.7773412495131237
1.0
0.8757818245283815
1.0
0.8394503372489328
1.0
0.9378909122641907
1.0
0.9378909122641907
1.0
0.7773412495131237
0.8031188499694841
1.0
0.662979646272478
1.0
1.0
0.8557871642384004
0.6814249110787688
0.9378909122641907
1.0
0.642569187218417
1.0
0.6952375014873332
1.0
0.8757818245283815
0.7271971718251105
0.9378909122641907
1.0
1.0
1.0
0.8557871642384004
0.9015594249847421
1.0
1.0
0.8757818245283815
0.9378909122641907
0.9015594249847421
0.8757818245283815
0.9378909122641907
1.0
1.0
1.0
1.0
0.9378909122641907
1.0
1.0
0.7461314117759225
0.7461314117759225
1.0
0.7315689887667819
1.0
1.0
1.0
0.9378909122641907
0.8757818245283815
0.5248001592413561
0.7271971718251105
1.0
1.0
0.4735799287107765
0.9378909122641907
0.9378909122641907
1.0
0.5424844473051659
0.6672473324960148
1.0
0.7461314117759225
0.9378909122641907
0.8757818245283815
0.751563649056763
0.7936780765025911
1.0
1.0
0.6764456038585448
0.9378909122641907
0.7851378580820235
0.5804600994826078
1.0
0.7410097622336749
0.9378909122641907
0.8136727367925722
0.9378909122641907
0.9378909122641907
0.8757818245283815
1.0
0.7773412495131237
0.7773412495131237
1.0
0.7190456935928861
0.9015594249847421
0.642569187218417
1.0
0.6409250223204239
1.0
0.9378909122641907
1.0
1.0
0.7851378580820235
0.7361650973721744
0.9378909122641907
1.0
0.8757818245283815
1.0
1.0
0.7635286591045591
1.0
0.7115743284768008
0.8256377468403683
1.0
0.9015594249847421
0.8394503372489328
1.0
0.9378909122641907
0.8136727367925722
0.7230287703462143
0.8136727367925722
1.0
0.7410097622336749
0.7315689887667819
0.8757818245283815
1.0
1.0
1.0
1.0
0.9015594249847421
0.6789006744978656
0.9378909122641907
1.0
1.0
0.6346344067287369
0.7635286591045591
1.0
1.0
0.8031188499694841
1.0
0.8757818245283815
1.0
0.8394503372489328
1.0
0.8394503372489328
0.8757818245283815
0.6952375014873332
1.0
0.9378909122641907
0.9015594249847421
1.0
1.0
1.0
0.9378909122641907
0.6409250223204239
0.7635286591045591
1.0
0.8757818245283815
0.6316473143632669
0.9378909122641907
1.0
1.0
0.5764049064494347
0.6952375014873332
0.9015594249847421
1.0
1.0
0.8394503372489328
1.0
1.0
1.0
0.9378909122641907
0.9378909122641907
1.0
0.5398094882785136
1.0
1.0
0.9015594249847421
0.6051382447602055
1.0
1.0
1.0
0.9378909122641907
1.0
0.9378909122641907
0.8557871642384004
0.9015594249847421
0.9378909122641907
0.6193158233429595
0.7014195713687499
0.9015594249847421
0.8394503372489328
0.8256377468403683
1.0
1.0
0.7046782749542263
0.7701690648849016
1.0
0.7152321617773143
0.7573465892231425
0.9378909122641907
1.0
1.0
0.8394503372489328
0.8757818245283815
0.9378909122641907
1.0
1.0
0.6062376999389684
0.6459508894132832
1.0
0.8136727367925722
0.7461314117759225
1.0
1.0
1.0
1.0
0.9378909122641907
1.0
1.0
0.9378909122641907
0.8757818245283815
0.8394503372489328
0.7851378580820235
0.9015594249847421
0.7315689887667819
0.9378909122641907
1.0
0.8757818245283815
0.9378909122641907
0.9015594249847421
1.0
1.0
1.0
0.8136727367925722
0.9378909122641907
0.8557871642384004
0.8256377468403683
1.0
1.0
1.0
0.8757818245283815
0.608477928444163
0.6442440859437979
0.6589060142078845
1.0
1.0
0.7115743284768008
0.660919682610405
0.8757818245283815
1.0
0.7573465892231425
1.0
1.0
0.9015594249847421
0.8757818245283815
1.0
1.0
0.7461314117759225
1.0
1.0
0.7115743284768008
0.7152321617773143
0.6814249110787688
0.7851378580820235
0.7271971718251105
0.8394503372489328
1.0
0.9378909122641907
1.0
0.751563649056763
0.9378909122641907
1.0
1.0
0.8394503372489328
0.7851378580820235
0.9378909122641907
0.5673614927152012
0.674056009636365
0.8757818245283815
1.0
0.8557871642384004
0.8757818245283815
0.8394503372489328
0.8557871642384004
0.8557871642384004
0.9015594249847421
0.7080599771490924
0.7573465892231425
0.9015594249847421
0.9015594249847421
0.5424844473051659
0.8757818245283815
0.7271971718251105
0.7115743284768008
1.0
0.8256377468403683
1.0
0.6922993866977591
1.0
0.9378909122641907
0.9015594249847421
0.9378909122641907
1.0
0.8394503372489328
1.0
0.7115743284768008
0.5256962114372135
1.0
0.7461314117759225
0.9015594249847421
0.7851378580820235
0.8757818245283815
0.6476908367606645
1.0
1.0
0.9015594249847421
0.7936780765025911
0.8557871642384004
1.0
0.7410097622336749
1.0
1.0
1.0
0.8256377468403683
0.9378909122641907
0.9015594249847421
1.0
1.0
0.7046782749542263
0.8394503372489328
0.9015594249847421
0.7773412495131237
1.0
0.8256377468403683
1.0
0.9378909122641907
0.9015594249847421
1.0
0.9378909122641907
0.9378909122641907
0.5659391696313609
1.0
0.7701690648849016
1.0
1.0
0.9378909122641907
1.0
0.9015594249847421
0.8256377468403683
0.7773412495131237
0.6442440859437979
1.0
0.7190456935928861
0.6840223240401133
0.8557871642384004
0.8394503372489328
0.9378909122641907
0.9378909122641907
1.0
0.7115743284768008
0.9378909122641907
0.7701690648849016
0.6459508894132832
0.9378909122641907
1.0
0.7230287703462143
1.0
0.7461314117759225
1.0
1.0
0.8557871642384004
0.751563649056763
0.9378909122641907
0.9378909122641907
1.0
1.0
1.0
0.9378909122641907
0.6840223240401133
0.5919522616105747
0.9378909122641907
0.8557871642384004
0.9015594249847421
0.5666475090740432
1.0
0.6180448166016435
0.8136727367925722
0.8136727367925722
1.0
0.7936780765025911
0.8757818245283815
0.9378909122641907
0.9378909122641907
0.6259562291233021
0.9378909122641907
0.7701690648849016
0.8031188499694841
1.0
0.9378909122641907
0.9015594249847421
1.0
1.0
0.8757818245283815
0.7635286591045591
1.0
0.9015594249847421
0.5414048622834577
1.0
0.6316473143632669
1.0
1.0
1.0
0.6922993866977591
0.8136727367925722
0.8256377468403683
1.0
1.0
0.6180448166016435
0.9015594249847421
0.9378909122641907
1.0
0.6008705585366687
0.7190456935928861
0.9015594249847421
1.0
0.9378909122641907
1.0
1.0
0.6840223240401133
1.0
0.9378909122641907
0.7701690648849016
0.8557871642384004
0.7773412495131237
1.0
0.7635286591045591
1.0
1.0
1.0
1.0
0.7190456935928861
1.0
1.0
0.9015594249847421
1.0
0.9378909122641907
0.7851378580820235
1.0
0.9378909122641907
0.9378909122641907
0.7152321617773143
0.9015594249847421
0.9378909122641907
0.8136727367925722
0.8557871642384004
0.7315689887667819
1.0
0.5077971249237103
0.662979646272478
1.0
1.0
0.7461314117759225
0.9378909122641907
1.0
1.0
1.0
0.9378909122641907
0.9378909122641907
0.8757818245283815
0.9378909122641907
0.7271971718251105
1.0
0.8757818245283815
0.7635286591045591
0.6206051185776281
0.8136727367925722
0.9015594249847421
0.7461314117759225
0.8557871642384004
1.0
1.0
1.0
0.7851378580820235
0.570275716164047
0.7573465892231425
0.8256377468403683
1.0
1.0
0.8256377468403683
1.0
1.0
1.0
1.0
1.0
0.8757818245283815
0.541943028903421
0.5847075521116427
1.0
1.0
0.8757818245283815
0.6180448166016435
0.9378909122641907
0.9378909122641907
0.9378909122641907
0.9378909122641907
0.8757818245283815
1.0
0.6512754936807367
0.8757818245283815
0.9015594249847421
0.9015594249847421
1.0
0.7851378580820235
0.7936780765025911
0.8256377468403683
0.8136727367925722
0.7410097622336749
0.9378909122641907
0.9378909122641907
0.7315689887667819
0.9378909122641907
1.0
0.7701690648849016
0.9378909122641907
1.0
1.0
0.9015594249847421
1.0
0.7936780765025911
0.8031188499694841
0.8394503372489328
1.0
1.0
0.608477928444163
0.7315689887667819
0.59580681172527
0.8136727367925722
0.9015594249847421
1.0
0.8136727367925722
0.7046782749542263
1.0
0.9378909122641907
0.9015594249847421
0.8557871642384004
0.6301902989619499
0.751563649056763
0.7271971718251105
0.7573465892231425
0.9378909122641907
0.8136727367925722
1.0
1.0
0.8557871642384004
0.9015594249847421
0.9378909122641907
0.7635286591045591
0.9378909122641907
1.0
0.9378909122641907
0.5534465556674449
1.0
0.751563649056763
1.0
0.9378909122641907
0.7773412495131237
0.8557871642384004
0.9015594249847421
0.7701690648849016
1.0
1.0
0.660919682610405
1.0
0.9378909122641907
0.9378909122641907
0.9378909122641907
1.0
1.0
0.9015594249847421
0.6494652407409915
0.8256377468403683
1.0
1.0
0.9015594249847421
1.0
0.8256377468403683
1.0
1.0
0.8394503372489328
0.6377245223569165
0.7315689887667819
0.6694599010309726
0.6442440859437979
0.8394503372489328
0.8757818245283815
1.0
0.9378909122641907
0.9015594249847421
0.6494652407409915
0.44495357018332776
0.9378909122641907
0.8757818245283815
0.6346344067287369
0.8256377468403683
1.0
1.0
0.6789006744978656
0.9378909122641907
0.8557871642384004
1.0
0.9015594249847421
0.5659391696313609
0.8557871642384004
0.9378909122641907
0.6232407342566141
0.6840223240401133
0.8031188499694841
1.0
1.0
0.8757818245283815
0.6672473324960148
0.8757818245283815
1.0
0.9378909122641907
0.9378909122641907
0.7936780765025911
0.9378909122641907
0.8031188499694841
1.0
1.0
1.0
0.5929004659389964
1.0
0.9378909122641907
0.5322327680969451
0.7773412495131237
1.0
1.0
0.9378909122641907
0.7046782749542263
0.7046782749542263
0.8394503372489328
0.8256377468403683
0.8031188499694841
0.9015594249847421
0.751563649056763
1.0
0.9378909122641907
1.0
0.7936780765025911
1.0
1.0
0.8757818245283815
0.7773412495131237
0.8557871642384004
0.9378909122641907
1.0
0.9015594249847421
0.7410097622336749
0.7635286591045591
0.9378909122641907
1.0
0.8031188499694841
0.9015594249847421
0.7410097622336749
1.0
0.56453907125722
0.9015594249847421
0.8557871642384004
0.7936780765025911
1.0
0.9378909122641907
1.0
0.6442440859437979
0.9015594249847421
1.0
0.5929004659389964
0.9015594249847421
1.0
0.751563649056763
1.0
1.0
0.8256377468403683
0.579634245960301
0.8256377468403683
0.8136727367925722
1.0
0.8757818245283815
1.0
0.8031188499694841
0.7315689887667819
0.9378909122641907
0.8136727367925722
0.9015594249847421
0.7080599771490924
0.7315689887667819
0.9015594249847421
1.0
0.8394503372489328
1.0
0.7461314117759225
1.0
1.0
0.8394503372489328
0.7773412495131237
0.9015594249847421
1.0
0.9378909122641907
1.0
1.0
0.9378909122641907
1.0
0.8031188499694841
0.9378909122641907
0.9378909122641907
1.0
0.7701690648849016
1.0
0.8757818245283815
0.9378909122641907
1.0
1.0
0.6922993866977591
0.9378909122641907
0.8757818245283815
0.8136727367925722
0.6866972830667656
0.7361650973721744
0.9015594249847421
0.7851378580820235
1.0
1.0
0.9378909122641907
0.7230287703462143
0.7230287703462143
0.6982752321547276
1.0
0.8757818245283815
0.8256377468403683
0.9378909122641907
0.9015594249847421
0.8557871642384004
0.9378909122641907
0.9378909122641907
0.8557871642384004
1.0
0.9378909122641907
0.9015594249847421
1.0
0.8757818245283815
1.0
0.9378909122641907
1.0
1.0
1.0
0.9378909122641907
1.0
1.0
0.9015594249847421
0.8557871642384004
0.9378909122641907
1.0
0.6512754936807367
1.0
0.660919682610405
0.7851378580820235
0.7851378580820235
0.7190456935928861
1.0
0.9015594249847421
0.7573465892231425
0.9378909122641907
0.9015594249847421
1.0
1.0
0.9015594249847421
0.7573465892231425
1.0
0.6073508132951634
0.8557871642384004
0.8557871642384004
0.8557871642384004
0.7635286591045591
1.0
1.0
0.9378909122641907
0.7773412495131237
1.0
0.8757818245283815
0.7271971718251105
0.9015594249847421
0.5604654391926267
1.0
0.8757818245283815
1.0
1.0
0.7461314117759225
1.0
1.0
0.6569366058570768
0.7461314117759225
0.6922993866977591
1.0
0.8557871642384004
0.8136727367925722
1.0
1.0
1.0
1.0
0.8394503372489328
0.7271971718251105
0.7701690648849016
1.0
1.0
1.0
1.0
0.7936780765025911
0.7115743284768008
1.0
1.0
1.0
1.0
1.0
0.8757818245283815
1.0
1.0
0.5998346571394698
1.0
0.7271971718251105
0.5092843702341805
0.8757818245283815
0.9015594249847421
0.7410097622336749
1.0
0.8757818245283815
0.5948275181212676
1.0
0.7773412495131237
0.8136727367925722
1.0
0.7190456935928861
1.0
1.0
0.7936780765025911
0.7851378580820235
0.5788159345846147
1.0
0.5081666284282378
1.0
1.0
0.9378909122641907
0.7573465892231425
0.9378909122641907
1.0
1.0
0.8757818245283815
0.6694599010309726
1.0
0.6672473324960148
1.0
0.6866972830667656
1.0
1.0
1.0
0.7573465892231425
0.9015594249847421
1.0
1.0
0.8557871642384004
1.0
0.9378909122641907
1.0
0.751563649056763
0.9015594249847421
0.6346344067287369
1.0
0.7573465892231425
0.8757818245283815
1.0
0.9378909122641907
0.7271971718251105
1.0
0.5780050288432869
0.6589060142078845
0.751563649056763
1.0
0.7851378580820235
0.9378909122641907
0.8256377468403683
0.9378909122641907
1.0
1.0
1.0
0.8757818245283815
1.0
0.7152321617773143
0.8757818245283815
0.7230287703462143
0.7115743284768008
0.8136727367925722
0.8757818245283815
0.9015594249847421
1.0
1.0
0.8256377468403683
0.7573465892231425
0.662979646272478
1.0
0.9015594249847421
1.0
1.0
1.0
1.0
0.8757818245283815
0.7701690648849016
1.0
0.9378909122641907
1.0
0.8757818245283815
1.0
1.0
0.9378909122641907
0.9015594249847421
1.0
0.9378909122641907
1.0
0.8031188499694841
1.0
0.7410097622336749
1.0
1.0
0.9378909122641907
0.8031188499694841
0.9015594249847421
0.9378909122641907
0.8256377468403683
0.6650880840893012
0.9378909122641907
1.0
1.0
1.0
0.8757818245283815
0.8557871642384004
0.8256377468403683
0.7936780765025911
0.9378909122641907
0.9378909122641907
0.49935752916713705
0.8757818245283815
0.8394503372489328
0.7773412495131237
1.0
0.8136727367925722
0.8031188499694841
0.9378909122641907
0.8136727367925722
0.9378909122641907
1.0
1.0
1.0
1.0
0.8557871642384004
0.9378909122641907
0.9378909122641907
0.8557871642384004
0.751563649056763
0.5780050288432869
1.0
0.6589060142078845
0.6672473324960148
0.8557871642384004
0.8256377468403683
0.8136727367925722
0.9015594249847421
0.9378909122641907
0.8757818245283815
1.0
0.6982752321547276
1.0
0.9378909122641907
0.9015594249847421
0.8557871642384004
0.7080599771490924
0.9378909122641907
0.8394503372489328
0.7851378580820235
0.8557871642384004
0.9015594249847421
0.9378909122641907
0.7936780765025911
0.6717284898696437
0.9378909122641907
0.7701690648849016
1.0
1.0
1.0
1.0
0.7410097622336749
1.0
0.9015594249847421
0.8557871642384004
0.9015594249847421
1.0
0.36711929246001723
1.0
0.7014195713687499
0.9378909122641907
1.0
0.8031188499694841
1.0
0.7271971718251105
1.0
1.0
0.8557871642384004
0.7851378580820235
1.0
0.9378909122641907
0.9378909122641907
1.0
0.7635286591045591
0.9015594249847421
1.0
0.7152321617773143
0.7315689887667819
0.9378909122641907
1.0
1.0
1.0
0.42576715580111724
0.515092308161322
0.9378909122641907
0.8757818245283815
0.6361661444189184
0.8256377468403683
0.7773412495131237
1.0
1.0
1.0
0.9015594249847421
0.9378909122641907
0.8757818245283815
0.7936780765025911
0.7271971718251105
0.8757818245283815
0.8757818245283815
0.7190456935928861
1.0
1.0
1.0
0.9378909122641907
1.0
0.8031188499694841
0.7152321617773143
1.0
0.7230287703462143
0.8031188499694841
0.7851378580820235
0.751563649056763
1.0
0.8031188499694841
1.0
1.0
0.7046782749542263
1.0
1.0
1.0
0.9378909122641907
1.0
0.9378909122641907
0.7152321617773143
1.0
0.7361650973721744
0.7936780765025911
0.5929004659389964
0.8757818245283815
0.9015594249847421
0.9378909122641907
0.8256377468403683
1.0
0.8256377468403683
0.4579168227363702
0.8394503372489328
0.7936780765025911
1.0
0.9378909122641907
1.0
1.0
1.0
0.6672473324960148
1.0
0.7701690648849016
1.0
0.7773412495131237
0.8256377468403683
1.0
1.0
1.0
0.8136727367925722
0.7851378580820235
1.0
0.7361650973721744
1.0
1.0
0.8757818245283815
1.0
0.9378909122641907
0.5772013958971313
0.9015594249847421
1.0
0.7461314117759225
0.4925734112904379
0.653123074041505
0.9015594249847421
1.0
1.0
0.9378909122641907
0.8394503372489328
1.0
0.8394503372489328
0.9015594249847421
1.0
0.9378909122641907
0.9015594249847421
0.7361650973721744
0.7701690648849016
0.48369442319273076
0.7936780765025911
0.9015594249847421
0.8757818245283815
0.9378909122641907
1.0
1.0
0.6073508132951634
0.8136727367925722
1.0
1.0
0.9015594249847421
1.0
1.0
1.0
0.9378909122641907
0.6952375014873332
0.4723301947443486
0.7190456935928861
0.7701690648849016
0.7461314117759225
1.0
0.8557871642384004
1.0
0.6894545613209537
0.7461314117759225
0.6982752321547276
1.0
0.9015594249847421
0.9015594249847421
0.751563649056763
0.7635286591045591
1.0
0.9378909122641907
1.0
0.8394503372489328
0.8031188499694841
0.9015594249847421
1.0
0.8136727367925722
1.0
0.9378909122641907
1.0
1.0
0.8557871642384004
0.6206051185776281
0.7230287703462143
1.0
0.7936780765025911
1.0
0.9378909122641907
0.9378909122641907
1.0
0.9015594249847421
1.0
0.8136727367925722
0.8757818245283815
0.9378909122641907
1.0
0.9015594249847421
1.0
1.0
1.0
0.9015594249847421
0.751563649056763
0.8136727367925722
0.662979646272478
1.0
1.0
0.7936780765025911
1.0
1.0
0.9015594249847421
0.5998346571394698
0.9015594249847421
0.9378909122641907
0.6717284898696437
1.0
0.8557871642384004
0.7936780765025911
0.9378909122641907
1.0
0.7936780765025911
0.6193158233429595
1.0
1.0
0.7361650973721744
0.9015594249847421
1.0
1.0
0.7461314117759225
0.9015594249847421
1.0
1.0
0.9015594249847421
0.6694599010309726
1.0
1.0
1.0
0.7573465892231425
0.9015594249847421
0.7573465892231425
0.6789006744978656
1.0
0.6840223240401133
0.6922993866977591
0.6409250223204239
0.5565689786595478
0.8757818245283815
1.0
0.9378909122641907
1.0
0.8757818245283815
0.8394503372489328
1.0
1.0
1.0
1.0
0.9378909122641907
0.8394503372489328
0.8757818245283815
0.8757818245283815
1.0
0.9378909122641907
0.8557871642384004
0.9015594249847421
1.0
0.6569366058570768
0.674056009636365
1.0
1.0
0.9378909122641907
0.8394503372489328
0.8557871642384004
1.0
0.8136727367925722
0.7851378580820235
1.0
1.0
1.0
0.6952375014873332
1.0
0.8557871642384004
0.8136727367925722
0.7635286591045591
0.608477928444163
1.0
1.0
0.8394503372489328
1.0
1.0
0.7014195713687499
0.9015594249847421
0.7773412495131237
0.5666475090740432
1.0
1.0
0.6717284898696437
1.0
0.9378909122641907
1.0
1.0
1.0
0.9015594249847421
0.9378909122641907
1.0
0.9015594249847421
0.7635286591045591
0.9378909122641907
0.8394503372489328
0.6008705585366687
1.0
1.0
0.9015594249847421
1.0
0.8394503372489328
0.8557871642384004
0.9015594249847421
0.9015594249847421
1.0
1.0
0.7851378580820235
0.7461314117759225
1.0
1.0
0.9378909122641907
0.8757818245283815
0.8557871642384004
0.9015594249847421
0.9378909122641907
0.9378909122641907
0.8757818245283815
1.0
1.0
0.6119469219005558
0.9378909122641907
0.9378909122641907
1.0
0.5565689786595478
1.0
0.8557871642384004
0.7115743284768008
0.5967969264720753
0.7936780765025911
0.7701690648849016
0.9015594249847421
1.0
1.0
0.6952375014873332
0.8757818245283815
1.0
1.0
0.7410097622336749
0.6672473324960148
0.9378909122641907
1.0
1.0
0.7701690648849016
0.7635286591045591
1.0
0.9378909122641907
0.9015594249847421
1.0
1.0
0.7410097622336749
0.9378909122641907
0.9378909122641907
1.0
0.9015594249847421
0.6459508894132832
1.0
0.8256377468403683
0.9378909122641907
1.0
0.6694599010309726
0.8394503372489328
1.0
0.8394503372489328
0.7410097622336749
1.0
1.0
0.9378909122641907
0.6040521166392303
0.6764456038585448
0.5598041485684947
1.0
0.9015594249847421
0.6273454735851445
0.9378909122641907
0.9378909122641907
1.0
0.8031188499694841
1.0
0.6814249110787688
1.0
0.9015594249847421
1.0
0.8757818245283815
0.8031188499694841
0.5565689786595478
0.8557871642384004
1.0
0.8031188499694841
0.9378909122641907
1.0
0.9015594249847421
1.0
1.0
0.8031188499694841
0.7573465892231425
0.7573465892231425
0.8136727367925722
0.8136727367925722
0.751563649056763
0.7115743284768008
0.5710193260157147
0.7635286591045591
1.0
1.0
0.9378909122641907
1.0
0.9378909122641907
0.9378909122641907
0.9378909122641907
1.0
0.9015594249847421
0.8394503372489328
0.8394503372489328
0.7701690648849016
0.9378909122641907
0.9378909122641907
0.9015594249847421
0.9015594249847421
0.9015594249847421
1.0
0.6982752321547276
1.0
0.9378909122641907
1.0
1.0
0.9378909122641907
0.8394503372489328
0.9378909122641907
0.8557871642384004
0.7851378580820235
1.0
0.660919682610405
1.0
0.9378909122641907
0.9378909122641907
1.0
0.9378909122641907
0.8256377468403683
0.8757818245283815
0.6952375014873332
0.8757818245283815
0.9015594249847421
0.9015594249847421
0.6694599010309726
0.8557871642384004
0.7573465892231425
1.0
0.8031188499694841
0.8757818245283815
0.8757818245283815
0.8256377468403683
0.7936780765025911
1.0
0.9015594249847421
1.0
1.0
1.0
1.0
0.9015594249847421
0.7635286591045591
0.8136727367925722
1.0
0.9015594249847421
0.8757818245283815
0.9378909122641907
0.8394503372489328
0.7573465892231425
0.653123074041505
0.6589060142078845
0.6155556434032542
1.0
1.0
0.8757818245283815
0.9015594249847421
0.9015594249847421
1.0
0.8757818245283815
0.8557871642384004
0.9378909122641907
0.8757818245283815
0.5998346571394698
0.8256377468403683
0.9378909122641907
1.0
1.0
1.0
0.6922993866977591
1.0
0.7271971718251105
0.9378909122641907
1.0
0.8031188499694841
1.0
1.0
0.8757818245283815
1.0
0.5804600994826078
1.0
0.8757818245283815
1.0
0.9015594249847421
0.7410097622336749
0.8136727367925722
0.9378909122641907
0.6155556434032542
0.9378909122641907
0.7152321617773143
0.8394503372489328
0.7851378580820235
0.8031188499694841
0.8136727367925722
1.0
0.7635286591045591
0.6717284898696437
0.4954182366672432
0.8031188499694841
1.0
0.7315689887667819
1.0
1.0
1.0
1.0
0.8757818245283815
0.9378909122641907
1.0
0.9015594249847421
0.9015594249847421
1.0
0.8557871642384004
1.0
1.0
1.0
1.0
0.9378909122641907
1.0
0.8757818245283815
1.0
1.0
0.8757818245283815
0.9015594249847421
0.8136727367925722
0.6476908367606645
0.7361650973721744
1.0
0.9015594249847421
0.9378909122641907
0.6096194021338345
0.6814249110787688
0.9378909122641907
1.0
0.5855817490248553
0.7461314117759225
1.0
0.9378909122641907
0.8031188499694841
0.9015594249847421
0.6008705585366687
0.7152321617773143
0.6107756049223919
0.8557871642384004
1.0
0.8757818245283815
0.9378909122641907
0.8757818245283815
0.8557871642384004
0.8394503372489328
0.444770890256912
0.9378909122641907
0.7230287703462143
0.8136727367925722
0.9378909122641907
0.9378909122641907
0.9378909122641907
1.0
0.7635286591045591
1.0
1.0
1.0
0.7271971718251105
1.0
0.7635286591045591
1.0
1.0
0.9378909122641907
1.0
0.6287565968098524
0.8757818245283815
1.0
1.0
0.8256377468403683
0.9378909122641907
1.0
0.6361661444189184
0.7701690648849016
0.8557871642384004
1.0
0.7773412495131237
0.642569187218417
0.8394503372489328
0.8757818245283815
0.9378909122641907
1.0
0.9378909122641907
0.9378909122641907
1.0
0.8394503372489328
0.8256377468403683
0.6952375014873332
0.9378909122641907
1.0
0.8031188499694841
1.0
0.6694599010309726
0.8256377468403683
0.8256377468403683
0.9015594249847421
0.8557871642384004
0.9378909122641907
0.9378909122641907
1.0
0.8256377468403683
1.0
1.0
0.8757818245283815
0.6717284898696437
1.0
1.0
0.6273454735851445
0.6650880840893012
0.8256377468403683
0.6694599010309726
0.7773412495131237
0.9378909122641907
1.0
1.0
1.0
0.9378909122641907
0.9378909122641907
0.8394503372489328
1.0
1.0
0.6245881953309563
0.7936780765025911
0.7230287703462143
0.5788159345846147
0.9015594249847421
0.9378909122641907
0.9378909122641907
1.0
1.0
1.0
1.0
1.0
0.9378909122641907
0.9378909122641907
0.9015594249847421
1.0
0.49573997659235036
1.0
0.7461314117759225
0.6952375014873332
0.7080599771490924
0.8557871642384004
0.7851378580820235
0.8757818245283815
0.7773412495131237
0.9378909122641907
0.9378909122641907
0.7230287703462143
0.5821349982079886
1.0
0.7851378580820235
0.9015594249847421
0.8136727367925722
1.0
0.8136727367925722
0.6459508894132832
0.7573465892231425
0.7851378580820235
0.9378909122641907
0.8394503372489328
1.0
0.7190456935928861
0.8557871642384004
0.8136727367925722
0.9378909122641907
0.9378909122641907
1.0
0.9015594249847421
1.0
0.6569366058570768
0.4355859730968763
0.5293728081076774
1.0
0.9015594249847421
1.0
0.8394503372489328
0.7461314117759225
0.9015594249847421
0.8394503372489328
1.0
1.0
0.8557871642384004
0.6717284898696437
0.9015594249847421
0.8757818245283815
0.8256377468403683
0.9378909122641907
0.8136727367925722
1.0
0.5038300818955517
0.4391135025219495
0.9015594249847421
0.9378909122641907
1.0
0.9015594249847421
1.0
0.9015594249847421
0.8136727367925722
0.8031188499694841
0.7410097622336749
0.8256377468403683
0.9378909122641907
0.7773412495131237
0.7410097622336749
0.8136727367925722
1.0
1.0
1.0
1.0
0.8256377468403683
0.6287565968098524
0.5804600994826078
1.0
0.7635286591045591
1.0
0.9378909122641907
0.5104162312571184
1.0
0.8757818245283815
0.8136727367925722
0.9015594249847421
0.6409250223204239
0.7936780765025911
1.0
0.7773412495131237
0.9378909122641907
1.0
0.7410097622336749
0.8557871642384004
1.0
0.9015594249847421
0.7635286591045591
0.7635286591045591
1.0
1.0
1.0
1.0
0.6143365161227355
0.6866972830667656
0.5559357288658342
0.9378909122641907
1.0
0.9378909122641907
0.9378909122641907
1.0
1.0
0.9378909122641907
0.6273454735851445
1.0
1.0
0.9378909122641907
1.0
1.0
0.8031188499694841
0.8256377468403683
0.9378909122641907
0.7635286591045591
1.0
0.8394503372489328
1.0
1.0
0.9378909122641907
0.9378909122641907
0.7361650973721744
0.8394503372489328
0.8757818245283815
1.0
1.0
1.0
0.9378909122641907
1.0
1.0
1.0
1.0
0.7461314117759225
0.9015594249847421
0.8256377468403683
1.0
0.674056009636365
1.0
0.8757818245283815
1.0
1.0
0.8394503372489328
0.6155556434032542
0.7410097622336749
0.8557871642384004
0.8757818245283815
0.9378909122641907
1.0
0.8031188499694841
0.8256377468403683
0.9378909122641907
1.0
0.9378909122641907
0.9378909122641907
0.8757818245283815
0.7851378580820235
0.8031188499694841
0.9378909122641907
0.9378909122641907
1.0
0.8136727367925722
1.0
0.7573465892231425
1.0
0.7701690648849016
0.9378909122641907
1.0
0.8256377468403683
0.8031188499694841
1.0
0.8557871642384004
1.0
0.8256377468403683
0.7851378580820235
0.9378909122641907
1.0
0.8394503372489328
1.0
0.9378909122641907
0.9378909122641907
1.0
1.0
1.0
0.8394503372489328
0.570275716164047
1.0
0.9015594249847421
1.0
1.0
0.9378909122641907
0.9378909122641907
0.5910139863056958
0.6167915867620565
0.6789006744978656
0.8557871642384004
1.0
0.8394503372489328
0.9378909122641907
1.0
0.8757818245283815
0.8031188499694841
0.9015594249847421
0.9378909122641907
0.8557871642384004
0.8136727367925722
0.9015594249847421
0.8136727367925722
1.0
1.0
1.0
1.0
0.8256377468403683
0.9378909122641907
0.9015594249847421
0.9378909122641907
0.8394503372489328
0.6259562291233021
0.7773412495131237
0.8256377468403683
0.8557871642384004
0.8557871642384004
0.9015594249847421
0.7046782749542263
0.45459775911299616
0.5910139863056958
0.8136727367925722
1.0
0.9378909122641907
0.9378909122641907
0.6442440859437979
0.49477820199692246
0.7773412495131237
0.8757818245283815
0.9015594249847421
0.8557871642384004
1.0
0.8757818245283815
0.7936780765025911
0.8136727367925722
1.0
1.0
0.6287565968098524
1.0
1.0
1.0
0.8557871642384004
0.9378909122641907
1.0
0.9378909122641907
1.0
0.8136727367925722
0.7851378580820235
0.9015594249847421
0.7080599771490924
1.0
0.8031188499694841
0.9378909122641907
1.0
1.0
0.7701690648849016
1.0
1.0
0.8757818245283815
1.0
0.9015594249847421
1.0
1.0
0.8557871642384004
0.7315689887667819
0.9378909122641907
0.9378909122641907
0.9378909122641907
0.9015594249847421
1.0
0.8136727367925722
1.0
0.6764456038585448
0.8136727367925722
1.0
0.9378909122641907
0.9378909122641907
0.6694599010309726
1.0
0.9015594249847421
1.0
0.6512754936807367
0.7851378580820235
0.8757818245283815
0.8136727367925722
0.6589060142078845
0.8757818245283815
0.9378909122641907
1.0
0.8557871642384004
1.0
1.0
1.0
0.9378909122641907
1.0
0.8256377468403683
0.6717284898696437
0.8256377468403683
0.9378909122641907
0.9378909122641907
0.6232407342566141
1.0
0.5007100751929814
1.0
1.0
0.751563649056763
1.0
0.8256377468403683
0.9378909122641907
0.7701690648849016
0.9378909122641907
0.5553069229669252
0.7573465892231425
0.7936780765025911
1.0
1.0
0.38686497147463067
0.6409250223204239
0.9015594249847421
0.7635286591045591
0.8394503372489328
0.7773412495131237
0.8557871642384004
0.8031188499694841
0.674056009636365
1.0
1.0
0.9378909122641907
1.0
1.0
0.6814249110787688
1.0
0.8557871642384004
0.7851378580820235
0.9378909122641907
1.0
0.8136727367925722
1.0
1.0
1.0
0.8757818245283815
1.0
1.0
1.0
0.515092308161322
1.0
0.8256377468403683
0.9378909122641907
0.48714117400959744
0.9378909122641907
0.9378909122641907
0.9378909122641907
0.7701690648849016
0.9015594249847421
0.9015594249847421
0.9378909122641907
0.9378909122641907
0.6476908367606645
0.9015594249847421
0.6789006744978656
0.6361661444189184
1.0
0.8031188499694841
0.9015594249847421
0.9015594249847421
0.8757818245283815
1.0
0.7701690648849016
1.0
0.9378909122641907
0.9378909122641907
0.8557871642384004
1.0
1.0
1.0
0.621913236304304
0.8256377468403683
0.9378909122641907
1.0
0.8136727367925722
1.0
1.0
0.9015594249847421
1.0
1.0
1.0
1.0
1.0
0.7410097622336749
0.9378909122641907
0.751563649056763
1.0
0.5611316465208048
0.9378909122641907
0.6650880840893012
0.9378909122641907
0.8757818245283815
0.6894545613209537
0.8757818245283815
0.6459508894132832
1.0
0.7190456935928861
1.0
1.0
0.9015594249847421
0.9015594249847421
1.0
1.0
0.7701690648849016
1.0
0.9378909122641907
0.9015594249847421
1.0
1.0
0.8031188499694841
0.9378909122641907
1.0
0.7315689887667819
0.8757818245283815
0.7936780765025911
1.0
0.8557871642384004
1.0
1.0
1.0
0.7046782749542263
0.5740570566831091
0.9378909122641907
0.7361650973721744
0.9015594249847421
1.0
0.9015594249847421
0.7851378580820235
0.9378909122641907
1.0
1.0
0.8757818245283815
0.7773412495131237
1.0
1.0
1.0
1.0
0.9378909122641907
1.0
0.9378909122641907
0.9378909122641907
1.0
0.9378909122641907
1.0
0.7080599771490924
0.9015594249847421
0.8136727367925722
1.0
0.7701690648849016
0.5967969264720753
1.0
0.9015594249847421
1.0
0.7635286591045591
0.9015594249847421
0.7271971718251105
0.6393104836329406
0.9378909122641907
0.7271971718251105
1.0
0.8557871642384004
0.9015594249847421
0.9015594249847421
0.7152321617773143
0.7152321617773143
0.8394503372489328
0.8256377468403683
0.9378909122641907
1.0
0.6073508132951634
0.9015594249847421
1.0
1.0
0.9015594249847421
0.9015594249847421
0.9378909122641907
0.9378909122641907
0.9378909122641907
0.8557871642384004
1.0
1.0
1.0
0.7361650973721744
0.9378909122641907
0.8757818245283815
0.8757818245283815
0.9378909122641907
0.8757818245283815
1.0
0.8394503372489328
0.7936780765025911
1.0
1.0
0.9378909122641907
0.9015594249847421
0.9378909122641907
1.0
0.9378909122641907
0.7851378580820235
0.9015594249847421
0.8557871642384004
0.9015594249847421
0.6569366058570768
1.0
1.0
0.6361661444189184
0.7701690648849016
0.6180448166016435
0.9378909122641907
1.0
0.7851378580820235
0.8394503372489328
0.8557871642384004
1.0
0.9015594249847421
1.0
1.0
1.0
1.0
1.0
0.9378909122641907
0.7701690648849016
0.8557871642384004
0.8757818245283815
1.0
0.7014195713687499
0.8394503372489328
1.0
1.0
0.6361661444189184
1.0
0.7410097622336749
0.662979646272478
0.9015594249847421
1.0
0.7573465892231425
1.0
0.9378909122641907
1.0
0.9378909122641907
1.0
0.7635286591045591
0.7080599771490924
0.8136727367925722
0.7046782749542263
1.0
0.8557871642384004
1.0
0.5191845477377404
0.9015594249847421
0.9015594249847421
1.0
1.0
1.0
1.0
0.9015594249847421
0.8394503372489328
0.662979646272478
0.7851378580820235
1.0
1.0
0.8394503372489328
1.0
1.0
1.0
0.9378909122641907
0.8031188499694841
0.7271971718251105
0.7080599771490924
1.0
0.7936780765025911
0.7773412495131237
0.6442440859437979
0.8557871642384004
0.8256377468403683
0.9378909122641907
0.9015594249847421
1.0
0.9015594249847421
0.7461314117759225
1.0
0.9378909122641907
0.8031188499694841
1.0
0.8136727367925722
1.0
1.0
0.7315689887667819
1.0
1.0
1.0
0.9378909122641907
1.0
1.0
0.9378909122641907
0.7936780765025911
0.8557871642384004
0.8757818245283815
0.7014195713687499
0.8394503372489328
0.533206739348009
0.5480865509361595
1.0
1.0
0.8757818245283815
0.7635286591045591
0.9378909122641907
1.0
0.6393104836329406
0.6206051185776281
0.9015594249847421
0.653123074041505
1.0
0.7851378580820235
0.8757818245283815
1.0
0.5740570566831091
1.0
0.9378909122641907
0.6409250223204239
0.7701690648849016
0.59580681172527
0.9378909122641907
0.9015594249847421
0.9378909122641907
1.0
1.0
0.8256377468403683
0.8256377468403683
1.0
1.0
0.9378909122641907
0.6206051185776281
0.6346344067287369
0.9015594249847421
0.653123074041505
0.5631605137144516
0.8394503372489328
0.9015594249847421
0.8031188499694841
1.0
1.0
0.7152321617773143
0.8557871642384004
0.9378909122641907
1.0
1.0
0.8256377468403683
0.9015594249847421
0.6589060142078845
0.8256377468403683
0.8394503372489328
0.7635286591045591
1.0
0.9378909122641907
0.9378909122641907
0.9378909122641907
0.8394503372489328
0.5688067574807568
1.0
1.0
0.8256377468403683
0.9015594249847421
1.0
0.8136727367925722
0.5191845477377404
0.7936780765025911
0.8394503372489328
1.0
0.5565689786595478
0.7271971718251105
0.662979646272478
0.9015594249847421
0.9378909122641907
0.9378909122641907
1.0
0.8757818245283815
0.5891664059449274
0.4114708409749672
0.8757818245283815
0.8256377468403683
0.9378909122641907
0.8757818245283815
0.8394503372489328
1.0
0.8394503372489328
0.6155556434032542
1.0
1.0
0.7271971718251105
0.9015594249847421
0.6143365161227355
0.9378909122641907
1.0
0.9015594249847421
0.7315689887667819
1.0
1.0
0.8557871642384004
0.9378909122641907
0.8557871642384004
1.0
0.8557871642384004
1.0
0.7773412495131237
0.9378909122641907
0.8757818245283815
0.6894545613209537
1.0
1.0
0.7635286591045591
0.9015594249847421
1.0
0.6894545613209537
0.9378909122641907
0.9378909122641907
0.8394503372489328
0.7410097622336749
0.8256377468403683
1.0
0.5146931784462849
1.0
0.8394503372489328
0.9378909122641907
0.6922993866977591
0.7271971718251105
0.7461314117759225
0.8557871642384004
0.8031188499694841
0.7936780765025911
0.8136727367925722
0.7573465892231425
1.0
1.0
0.8256377468403683
1.0
1.0
0.7635286591045591
1.0
0.9378909122641907
0.7573465892231425
0.9015594249847421
0.8136727367925722
1.0
0.7046782749542263
0.5498378341647466
0.751563649056763
0.7851378580820235
1.0
0.7635286591045591
0.8557871642384004
1.0
1.0
0.7361650973721744
1.0
0.6119469219005558
1.0
1.0
0.8557871642384004
0.7851378580820235
0.9378909122641907
0.9378909122641907
0.8757818245283815
1.0
1.0
0.9015594249847421
0.8256377468403683
0.7361650973721744
0.5522274283869263
0.9378909122641907
0.8394503372489328
0.7115743284768008
0.7080599771490924
0.9378909122641907
0.8757818245283815
0.9378909122641907
1.0
0.8031188499694841
0.5725253189929277
1.0
1.0
0.8557871642384004
0.8757818245283815
0.8394503372489328
0.8136727367925722
0.8136727367925722
0.9378909122641907
1.0
1.0
0.9378909122641907
0.8757818245283815
0.7851378580820235
1.0
1.0
1.0
1.0
1.0
0.8757818245283815
0.9015594249847421
0.9015594249847421
0.7315689887667819
1.0
0.6982752321547276
1.0
1.0
1.0
1.0
0.9378909122641907
0.6287565968098524
0.7080599771490924
0.531749723946692
0.9015594249847421
0.6952375014873332
0.9378909122641907
0.8757818245283815
0.6894545613209537
0.9378909122641907
0.7635286591045591
0.7936780765025911
0.5486665171865827
1.0
1.0
1.0
0.9015594249847421
1.0
1.0
0.9015594249847421
0.4980250960966658
0.9378909122641907
0.7410097622336749
0.7936780765025911
0.8557871642384004
0.653123074041505
1.0
0.7461314117759225
0.6029789963534918
1.0
0.9378909122641907
0.9015594249847421
0.6459508894132832
0.6952375014873332
0.8031188499694841
1.0
0.8557871642384004
1.0
0.8394503372489328
0.6764456038585448
0.9378909122641907
0.9378909122641907
0.7461314117759225
0.9015594249847421
1.0
0.5873561530051823
1.0
1.0
0.7701690648849016
0.9015594249847421
0.6073508132951634
0.662979646272478
0.6982752321547276
1.0
1.0
1.0
1.0
0.48369442319273076
0.8394503372489328
0.8557871642384004
1.0
1.0
1.0
1.0
0.7410097622336749
0.8757818245283815
0.8757818245283815
1.0
0.8256377468403683
1.0
1.0
0.7701690648849016
1.0
0.8757818245283815
0.8557871642384004
0.9015594249847421
0.8757818245283815
0.8757818245283815
0.6764456038585448
0.6273454735851445
0.8757818245283815
0.7936780765025911
0.8256377468403683
1.0
1.0
0.8136727367925722
0.9015594249847421
0.6589060142078845
0.8031188499694841
0.9015594249847421
1.0
0.8757818245283815
0.8757818245283815
0.8256377468403683
0.9378909122641907
1.0
0.9378909122641907
1.0
0.9015594249847421
0.9015594249847421
0.8394503372489328
0.7936780765025911
1.0
0.8394503372489328
1.0
1.0
0.9378909122641907
0.9015594249847421
1.0
0.9015594249847421
0.9015594249847421
1.0
0.8031188499694841
1.0
0.9378909122641907
0.9015594249847421
1.0
0.5821349982079886
0.9015594249847421
0.9378909122641907
0.7635286591045591
1.0
0.8394503372489328
0.7851378580820235
0.6180448166016435
0.9378909122641907
0.8757818245283815
0.8757818245283815
0.7190456935928861
1.0
1.0
1.0
0.8256377468403683
0.8136727367925722
0.8136727367925722
1.0
1.0
0.9015594249847421
1.0
1.0
0.9378909122641907
1.0
0.9378909122641907
0.6232407342566141
0.9015594249847421
0.9378909122641907
0.6789006744978656
0.9015594249847421
1.0
0.621913236304304
1.0
1.0
1.0
1.0
0.6459508894132832
0.6717284898696437
1.0
0.8031188499694841
1.0
1.0
0.8757818245283815
1.0
0.7773412495131237
0.7773412495131237
0.7115743284768008
1.0
0.8557871642384004
0.8394503372489328
0.9378909122641907
1.0
1.0
0.7361650973721744
0.9015594249847421
1.0
1.0
1.0
1.0
0.9378909122641907
1.0
0.9015594249847421
0.8557871642384004
1.0
0.8757818245283815
0.8757818245283815
1.0
1.0
1.0
0.7936780765025911
0.8136727367925722
0.9015594249847421
0.9378909122641907
1.0